0.014733043112409272
0.95109982137187421
0.024057059180589955
0.68275440814687127
0.21299083284098899
0.047984352002820474
0.95860661993142449
0.01982363049547629
0.80559422466235175
0.27840074953130628
0.10913215267180558
0.98153166818023074
0.97868695977819931
0.77861175426646512
0.10867955621010138
0.25120096282172821
0.012367351598135018
0.087759423166757305
0.030746455133221742
0.99422795659938212
0.98803122856745329
0.010231462356436608
0.73050767857612653
0.24788762853589702
0.82764099177053996
0.0072488666205773834
0.026214216792192577
0.86453429461992271
0.029859015978194008
0.94849820993529499
0.037182897212039233
0.94104624525860281
0.1260562183924393
0.80195623018446893
0.0095277683857234539
0.98864190144968978
0.94796360016902048
0.039508226712307762
0.07442143817613607
0.0068000880040726451
0.829296029313212
0.18708189797404418
0.44283993968127922
0.74509288633070536
0.038632049114432056
0.18560032199703921
0.88032096056117271
0.01423252373433914
0.90984376574586567
0.032352428880590457
0.98517673088925095
0.098287788076594301
0.80698664031934109
0.99043244590825641
0.99809346537649835
0.026199057403076275
0.19573837709322281
0.97298427569123036
0.98422701531069989
0.050970788736407778
0.53295361432294019
0.36424685299743476
0.61955695575264325
0.19184018915726531
0.97016633388146878
0.94247244932542185
0.007440274160441033
0.98363821047515387
0.98633401641193708
0.97947937055371881
0.013716374988868924
0.92471397747175899
0.96582244371899051
0.072375566019401733
0.99851199143045388
0.99711207608313202
0.056263776085368582
0.37033972172279461
0.00912162620405663
0.25700622041080945
0.66467174554032593
0.23681039515537133
0.056823315604531292
0.066142628842630599
0.069991670734136369
0.81086965749194606
0.0063205475436587007
0.28397593558274148
0.39004887613972683
0.92366282498444541
0.98675806510306163
0.75486068486100988
0.083773904471931851
0.79730044625829632
0.67550537844367975
0.99248466764624721
0.96706720385257294
0.032655854481946134
0.99522796617481279
0.04580983040641344
0.98633290859168599
0.99926555481466328
0.99737909240260447
0.08730541419371074
0.29215526384993973
0.0046641156509679661
0.96648634223969876
0.9367436478298895
0.0045696104460081176
0.14687315384013688
0.96008234414467908
0.96902589596371913
0.96814393095494777
0.97465931324875399
0.9786154749623186
0.093744001697811496
0.064049236633560713
0.066717057157240231
0.058400502899691599
0.99136351103696241
0.99833657783850127
0.013768624012721543
0.98236410247822381
0.99910556694678443
0.99732104565885393
0.0075843233049616649
0.22098298739308661
0.56520006054964878
0.030345294297355458
0.98942325227857797
0.96338262254417673
0.42456496128319465
0.025550123399614603
0.8647505326475825
0.88362284029438642
0.99095085139450489
0.0072545516448115277
0.9624435952017617
0.90914432697186121
0.61364412710322269
0.97306499153264336
0.030801724025195897
0.99726634564874861
0.9977135396824246
0.13274951308591232
0.22503301382301991
0.0032078898159516099
0.12829400521489134
0.99414723033514762
0.99179601520055993
0.012127068741241554
0.014017794113762531
0.95583570010657259
0.90241805900562388
0.61364412710322269
0.97306499153264336
0.030801724025195897
0.99737889162437254
0.99873673455783152
0.020974317978392457
0.0012395163988344348
0.88387477715523699
0.11827703814968575
0.99266028769199566
0.98772550245116753
0.0070419729642382653
0.71849955937495247
0.98121749452435425
0.95699449972860096
0.023621040648080995
0.93668294925743201
0.98536146967360383
0.20349435507213767
0.59157625323243046
0.26168781626395327
0.08386546382390965
0.080441753808997096
0.7159570492461641
0.079796199016976987
0.42809618390258047
0.48338929701810357
0.51632396048483098
0.23221089969350295
0.10261262244552613
0.98070291154897526
0.96338262254417673
0.047837005287177277
0.93641675282742542
0.98568402182219861
0.047748822890411415
0.98330153384135843
0.99777900760713567
0.99920108279245579
0.99054268150535751
0.047672548625293326
0.89286029787124344
0.96005049813929
0.084319740732717793
0.94240108632769182
0.041535792254297599
0.87688039835321407
0.030716690142947218
0.88959651534287465
0.24728139647507882
0.54165816144041878
0.16197366649467057
0.10261262244552613
0.98079238475483832
0.96769834430034729
0.04032648077264727
0.014271086407894653
0.96610919157820063
0.8303688552709062
0.045106494065053022
0.75795576050983005
0.99303967543220661
0.96797687420174161
0.082071915346956112
0.94630900326307099
0.13149908701731
0.0031901690746544676
0.99567952790397507
0.99919221029783611
0.042821495049898413
0.98438383954821684
0.97286917243127713
0.01643938758066139
0.3408399761622799
0.91572744758433611
0.95689287302308745
0.055188733509776947
0.014271086407894653
0.9587575095221802
0.93708254753144327
0.021855289837325181
0.96040184853802923
0.038891044010167908
0.80081923713128633
0.13167870314233052
0.18387788119867043
0.0053245250662700685
0.9052311298704776
0.9625812421240495
0.29012266449331936
0.96805422786464757
0.034362537384292222
0.98854816048122174
0.99661876770769875
0.1326625355779732
0.056480368098217826
0.5286104031472425
0.099390392167286276
0.19162236565600471
0.0054349009595944199
0.88533318873975053
0.89307589873951354
0.018886979044038788
0.98313573934022291
0.94942015599602114
0.051388077420705565
0.92433234770987815
0.95846902128273737
0.86379622908222142
0.94690267581055487
0.98241048820483667
0.99187142159688146
0.023091859428178887
0.19489445780696196
0.98880747854368967
0.9801906703889246
0.0032069350445740061
0.78832141380559517
0.093215857352695011
0.76260708616025374
0.93924385233733532
0.95302770977937901
0.93691203637061371
0.9857805328903515
0.6858694714917446
0.0568288744729002
0.022386791511917182
0.94621476603433974
0.98448588641304502
0.13540297424390887
0.090618226849853531
0.94810316457196964
0.10622534752268566
0.69551479478647604
0.20220621001304653
